1000, 3000
14, 999
1, 0, 8.3
2, 1, 7.7
3, 1, 9.3
4, 0, 8.6
5, 1, 4.9
6, 1, 6.2
7, 4, 9
8, 6, 6.3
9, 0, 4
10, 6, 7.2
11, 8, 1.1
12, 9, 6.7
13, 5, 8.2
14, 13, 6.2
15, 10, 6.7
16, 10, 2.9
17, 0, 2.2
18, 3, 6.9
19, 15, 9.3
20, 2, 1.1
21, 18, 2.9
22, 1, 2.1
23, 1, 8.4
24, 20, 9.8
25, 20, 1.5
26, 24, 1.3
27, 26, 9.1
28, 9, 5.6
29, 0, 6.2
30, 1, 9.6
31, 21, 0.5
32, 7, 8.4
33, 20, 3.6
34, 5, 4.6
35, 7, 1.3
36, 27, 2.4
37, 19, 8.2
38, 13, 1.4
39, 23, 3.4
40, 30, 4.3
41, 32, 8.7
42, 14, 7.6
43, 9, 8.8
44, 43, 0.3
45, 19, 5.4
46, 18, 3.2
47, 21, 7.6
48, 28, 3.9
49, 20, 2.6
50, 39, 9.4
51, 16, 9.5
52, 2, 3.4
53, 44, 6.7
54, 38, 9.7
55, 52, 1.7
56, 36, 5.2
57, 23, 0.1
58, 57, 8.6
59, 14, 6.5
60, 59, 4.4
61, 11, 4
62, 31, 3.1
63, 11, 9.7
64, 51, 8.1
65, 32, 0.9
66, 16, 6.7
67, 48, 9.7
68, 5, 8.6
69, 23, 0.6
70, 54, 1.9
71, 49, 2.8
72, 53, 3.2
73, 4, 0.3
74, 10, 7
75, 65, 0.8
76, 5, 4
77, 4, 9.6
78, 73, 1.8
79, 19, 4.6
80, 35, 2.1
81, 61, 7.9
82, 22, 6.4
83, 68, 4.1
84, 76, 9.3
85, 34, 3.4
86, 56, 2.4
87, 83, 8.7
88, 59, 4.3
89, 20, 2.7
90, 16, 5.9
91, 11, 3.2
92, 4, 3.7
93, 77, 7.5
94, 75, 7.4
95, 65, 5.8
96, 85, 2.9
97, 16, 3.5
98, 82, 1.8
99, 51, 4.3
100, 29, 2.8
101, 31, 7.6
102, 85, 4.3
103, 81, 1.3
104, 80, 0.6
105, 58, 0.4
106, 18, 2.8
107, 62, 6.9
108, 36, 1.7
109, 63, 2.4
110, 73, 7
111, 83, 9
112, 85, 7.2
113, 6, 4.4
114, 5, 0.5
115, 76, 5.4
116, 10, 6.9
117, 89, 4.2
118, 45, 9.7
119, 6, 5.5
120, 11, 4.8
121, 44, 2.2
122, 5, 9.9
123, 5, 4.6
124, 2, 4
125, 60, 1.1
126, 43, 0.5
127, 50, 6.1
128, 41, 7.8
129, 107, 2
130, 6, 4.4
131, 38, 2.2
132, 88, 0.8
133, 37, 8.2
134, 69, 2.4
135, 104, 6.2
136, 52, 0
137, 0, 5.2
138, 46, 7.9
139, 35, 6.8
140, 51, 7.3
141, 7, 8.1
142, 36, 3.3
143, 15, 6
144, 29, 9.9
145, 136, 9.9
146, 93, 5.9
147, 30, 1.3
148, 79, 9
149, 83, 2.6
150, 90, 8.4
151, 115, 9
152, 126, 7.6
153, 22, 3.6
154, 124, 4.5
155, 48, 7.9
156, 92, 8.7
157, 100, 4.8
158, 101, 5.9
159, 155, 3.6
160, 67, 4.2
161, 53, 0.6
162, 30, 1.3
163, 116, 2.1
164, 23, 1.9
165, 14, 2.1
166, 31, 3.9
167, 16, 4
168, 132, 0.5
169, 20, 2.7
170, 98, 8.4
171, 16, 2
172, 113, 2.2
173, 50, 9.6
174, 2, 3
175, 172, 9.2
176, 170, 7.2
177, 54, 2.5
178, 141, 2.2
179, 1, 4
180, 113, 9.8
181, 6, 9.8
182, 130, 2.4
183, 174, 0.9
184, 136, 1.9
185, 105, 3.2
186, 100, 9.4
187, 12, 7.9
188, 140, 7.3
189, 100, 5
190, 142, 6
191, 170, 7.9
192, 37, 9.3
193, 24, 2.1
194, 65, 0.4
195, 14, 6.1
196, 123, 2.6
197, 30, 4.4
198, 128, 0.2
199, 64, 8.4
200, 68, 4.2
201, 112, 2.8
202, 78, 7.2
203, 29, 5.8
204, 72, 3.6
205, 63, 5.3
206, 69, 0.3
207, 152, 3.3
208, 106, 9
209, 124, 6.7
210, 189, 6.8
211, 9, 0
212, 129, 8.8
213, 106, 4.9
214, 57, 0.3
215, 177, 6.3
216, 76, 5.3
217, 148, 8.6
218, 92, 5.2
219, 89, 7.5
220, 209, 5.7
221, 23, 3.6
222, 105, 1.4
223, 34, 6
224, 187, 2.8
225, 23, 5
226, 218, 5.6
227, 81, 9.4
228, 7, 9.9
229, 111, 3.9
230, 183, 2.8
231, 110, 0
232, 186, 4.7
233, 232, 5.9
234, 104, 3.5
235, 7, 3.9
236, 183, 1.5
237, 197, 0.4
238, 100, 4.9
239, 218, 8.5
240, 175, 4.3
241, 176, 7.7
242, 221, 3.8
243, 210, 4.9
244, 220, 6.7
245, 175, 9.2
246, 204, 4.3
247, 163, 2.9
248, 228, 8.2
249, 246, 4.1
250, 232, 2.6
251, 91, 6.1
252, 153, 6
253, 64, 2.3
254, 85, 8.1
255, 60, 9
256, 31, 9.6
257, 95, 7.7
258, 100, 9
259, 113, 2.4
260, 108, 1.4
261, 23, 0.5
262, 138, 1.2
263, 240, 0
264, 186, 2.6
265, 222, 1.6
266, 261, 7.8
267, 151, 4.6
268, 266, 4.7
269, 40, 5.1
270, 73, 3.1
271, 242, 5.7
272, 110, 1.2
273, 1, 1.4
274, 62, 1.2
275, 129, 1.2
276, 61, 1
277, 274, 8.9
278, 109, 5.5
279, 132, 2
280, 88, 8.7
281, 98, 3.8
282, 214, 7
283, 207, 5.6
284, 96, 0.6
285, 92, 4.9
286, 31, 0.5
287, 172, 1.7
288, 255, 4.5
289, 60, 7.3
290, 177, 7.3
291, 97, 8.9
292, 6, 0.7
293, 4, 5.7
294, 207, 7.1
295, 179, 0
296, 270, 1.8
297, 219, 2.5
298, 283, 7.4
299, 275, 5.7
300, 258, 9.3
301, 278, 7
302, 111, 1.7
303, 169, 6.9
304, 250, 2.2
305, 277, 7.3
306, 64, 3.1
307, 97, 8.2
308, 127, 9.2
309, 81, 5.7
310, 17, 2.1
311, 45, 7.4
312, 55, 4.7
313, 197, 3.1
314, 132, 3.7
315, 125, 5.4
316, 177, 9.8
317, 30, 8.1
318, 4, 1.6
319, 55, 3.1
320, 124, 9.6
321, 118, 3.8
322, 313, 1.8
323, 209, 7
324, 147, 1.2
325, 60, 7.7
326, 140, 3.6
327, 9, 7.6
328, 327, 0.7
329, 276, 5.7
330, 171, 9.9
331, 44, 2.7
332, 148, 3.6
333, 38, 1.8
334, 129, 6.3
335, 156, 4.4
336, 62, 0.5
337, 117, 9.1
338, 0, 5.5
339, 43, 8.9
340, 298, 9.3
341, 102, 0.5
342, 154, 2.2
343, 5, 1.7
344, 206, 9.3
345, 148, 2.6
346, 81, 8.6
347, 116, 4.3
348, 177, 1.4
349, 316, 7.9
350, 25, 6.2
351, 246, 8.8
352, 268, 1
353, 301, 9.4
354, 161, 4.6
355, 111, 3.7
356, 203, 5.3
357, 143, 7.3
358, 23, 2.5
359, 261, 1
360, 36, 1.7
361, 12, 6.3
362, 4, 9
363, 165, 3
364, 265, 7.1
365, 80, 3.3
366, 21, 8.9
367, 41, 0.4
368, 354, 0.5
369, 125, 6.8
370, 46, 8.5
371, 98, 9.5
372, 284, 4.9
373, 362, 6.7
374, 127, 6.3
375, 231, 9.6
376, 232, 6.5
377, 25, 3.6
378, 252, 7
379, 146, 1.1
380, 256, 3.2
381, 117, 7.9
382, 246, 7
383, 146, 7.2
384, 232, 3.4
385, 182, 8.3
386, 84, 9.8
387, 134, 6.3
388, 302, 5
389, 140, 7.3
390, 282, 5.9
391, 330, 4.7
392, 59, 8.2
393, 313, 3.2
394, 137, 5.4
395, 36, 9.8
396, 346, 4
397, 106, 5.9
398, 207, 6.2
399, 7, 4.1
400, 324, 2.3
401, 245, 7.2
402, 321, 5.4
403, 20, 2.1
404, 331, 6.5
405, 251, 7.1
406, 134, 6.9
407, 14, 0.1
408, 389, 5.3
409, 307, 0.7
410, 56, 2.8
411, 111, 9.7
412, 372, 8.4
413, 284, 3.4
414, 330, 9.1
415, 190, 9.8
416, 19, 5.2
417, 335, 8.9
418, 414, 0.6
419, 287, 1.6
420, 219, 0.9
421, 282, 0
422, 283, 0.9
423, 391, 8.1
424, 365, 3.8
425, 292, 2.6
426, 73, 4.7
427, 4, 8.7
428, 350, 3.2
429, 81, 8.1
430, 139, 5
431, 382, 9
432, 75, 5
433, 379, 1.3
434, 295, 9.4
435, 288, 8.1
436, 321, 2
437, 58, 8.2
438, 233, 8.7
439, 354, 9.6
440, 82, 0.4
441, 204, 9.2
442, 240, 9.7
443, 197, 3.4
444, 427, 0.6
445, 238, 5.7
446, 211, 9.5
447, 175, 6.2
448, 192, 8.3
449, 184, 5.4
450, 87, 0.9
451, 270, 3.2
452, 182, 2.1
453, 232, 6.3
454, 229, 8.2
455, 176, 8.5
456, 370, 8.5
457, 67, 9
458, 46, 1.4
459, 139, 1.6
460, 45, 9.2
461, 245, 2.8
462, 414, 2.5
463, 176, 3.6
464, 155, 1.8
465, 58, 3.7
466, 91, 8.2
467, 403, 1
468, 389, 8.8
469, 430, 1.5
470, 173, 3.7
471, 137, 0.8
472, 398, 8.3
473, 345, 5.7
474, 192, 2.7
475, 371, 6.9
476, 357, 5.1
477, 129, 1
478, 274, 3.9
479, 211, 8.8
480, 417, 9.3
481, 455, 9
482, 210, 9.9
483, 299, 3.1
484, 383, 7.7
485, 291, 5.7
486, 277, 5.2
487, 2, 4.1
488, 394, 6.8
489, 336, 8.4
490, 125, 7.6
491, 204, 6.6
492, 52, 5.4
493, 269, 0.8
494, 113, 7.8
495, 292, 5.5
496, 29, 7.4
497, 8, 0
498, 73, 9.7
499, 346, 1.2
500, 421, 8.2
501, 466, 9.3
502, 130, 3.9
503, 321, 2.1
504, 405, 8.5
505, 271, 5.4
506, 122, 6.2
507, 376, 4.1
508, 194, 5.2
509, 220, 6.2
510, 297, 9.9
511, 482, 5.4
512, 234, 1.5
513, 288, 5.1
514, 405, 9
515, 217, 9.1
516, 125, 3.7
517, 76, 5.9
518, 60, 7.1
519, 197, 8.7
520, 381, 9
521, 402, 7
522, 373, 6.5
523, 246, 6.9
524, 119, 6.1
525, 287, 5.1
526, 436, 0
527, 261, 3.8
528, 225, 6.4
529, 484, 3.2
530, 295, 0.4
531, 475, 7.9
532, 178, 1.2
533, 104, 6.9
534, 20, 7
535, 380, 4.4
536, 54, 4.9
537, 0, 6.5
538, 320, 2.6
539, 341, 8.3
540, 55, 6.9
541, 459, 5.2
542, 66, 9.3
543, 353, 8.9
544, 241, 3.1
545, 425, 6.4
546, 363, 4.8
547, 40, 7.7
548, 462, 3.3
549, 401, 4.9
550, 293, 5.5
551, 464, 6.8
552, 45, 6
553, 550, 2.3
554, 440, 7.1
555, 250, 7.7
556, 121, 4.5
557, 263, 6.1
558, 280, 2.3
559, 420, 0
560, 284, 7.5
561, 275, 4.2
562, 405, 5.9
563, 51, 8.9
564, 218, 6.9
565, 141, 5.1
566, 243, 8.3
567, 23, 3.3
568, 236, 0.4
569, 527, 8.1
570, 491, 6.6
571, 4, 6.7
572, 429, 9.2
573, 5, 0.2
574, 238, 3.1
575, 282, 7.4
576, 96, 1.8
577, 124, 8.3
578, 12, 8.7
579, 287, 7.3
580, 345, 6.2
581, 523, 3.3
582, 534, 9.6
583, 289, 4.1
584, 562, 2.6
585, 468, 8
586, 242, 8.5
587, 123, 0.5
588, 587, 2.9
589, 573, 9.8
590, 554, 6.2
591, 189, 1.9
592, 102, 4.1
593, 509, 1
594, 95, 2.6
595, 250, 8.9
596, 495, 0.8
597, 592, 3.8
598, 121, 9.3
599, 165, 1
600, 90, 0.5
601, 342, 1.3
602, 224, 3.8
603, 147, 2.1
604, 535, 2.9
605, 548, 8
606, 139, 9.5
607, 295, 2.4
608, 226, 5.4
609, 81, 6.9
610, 170, 6.9
611, 601, 7.3
612, 119, 3.3
613, 401, 8.7
614, 207, 9.4
615, 11, 9.9
616, 160, 3.9
617, 475, 4.2
618, 523, 8.6
619, 51, 4.9
620, 381, 8.6
621, 590, 1.1
622, 437, 3.3
623, 517, 2.2
624, 395, 7.3
625, 492, 1.9
626, 560, 5.4
627, 586, 2.4
628, 579, 5.9
629, 22, 1.8
630, 169, 1.2
631, 579, 0.5
632, 543, 3.3
633, 295, 3.4
634, 321, 1.5
635, 43, 8.7
636, 38, 6.9
637, 532, 8.7
638, 480, 3.7
639, 462, 8.9
640, 120, 0.5
641, 282, 0.4
642, 617, 5.7
643, 225, 0.3
644, 313, 9.2
645, 160, 2.2
646, 465, 4.3
647, 507, 6.1
648, 519, 7.8
649, 567, 0
650, 237, 8.2
651, 15, 9.9
652, 250, 8.9
653, 494, 5.3
654, 276, 4.8
655, 46, 3.6
656, 316, 0.7
657, 5, 1.7
658, 552, 2.1
659, 479, 8
660, 414, 9.4
661, 175, 2.3
662, 634, 3.3
663, 503, 1.7
664, 257, 3.1
665, 430, 0.9
666, 296, 5.6
667, 282, 6.9
668, 130, 9.5
669, 560, 7.1
670, 669, 6.9
671, 650, 0.1
672, 299, 5.2
673, 632, 4
674, 388, 4.3
675, 189, 9.1
676, 526, 2.7
677, 487, 7.8
678, 202, 5
679, 152, 2.4
680, 226, 1.3
681, 493, 9.9
682, 438, 9.4
683, 600, 1.5
684, 299, 4.2
685, 638, 3.7
686, 178, 9.8
687, 109, 3.9
688, 207, 1.3
689, 440, 2.8
690, 521, 0.4
691, 414, 4.6
692, 561, 3.8
693, 509, 9.5
694, 100, 2.1
695, 129, 2.6
696, 205, 5.8
697, 474, 5.6
698, 550, 4.5
699, 137, 4.6
700, 583, 1.1
701, 269, 0.3
702, 188, 2.5
703, 7, 1.6
704, 176, 7.4
705, 210, 9.6
706, 62, 6.7
707, 174, 1.3
708, 320, 1.9
709, 405, 5
710, 76, 3.2
711, 485, 7.9
712, 115, 5.3
713, 234, 9.5
714, 627, 0.7
715, 610, 3.7
716, 232, 7.6
717, 455, 8.4
718, 398, 8.3
719, 112, 9.2
720, 520, 9.6
721, 433, 3.9
722, 84, 3.5
723, 176, 7.3
724, 687, 6.4
725, 199, 5.1
726, 260, 5.1
727, 126, 3.9
728, 426, 6.5
729, 452, 0.2
730, 231, 7.9
731, 248, 4.7
732, 175, 8.4
733, 294, 6.1
734, 601, 3.1
735, 132, 2.8
736, 683, 9.4
737, 626, 4.3
738, 578, 2.3
739, 154, 8.7
740, 578, 4.3
741, 672, 8.8
742, 62, 2
743, 276, 9.8
744, 208, 1.8
745, 228, 6.3
746, 44, 9.5
747, 565, 0.5
748, 370, 4.2
749, 392, 9.8
750, 478, 7.2
751, 464, 5.3
752, 444, 9.7
753, 338, 4.7
754, 504, 1.6
755, 289, 1.2
756, 656, 7.7
757, 74, 5.3
758, 495, 3.2
759, 149, 3.5
760, 698, 0.7
761, 417, 4.9
762, 544, 6.1
763, 440, 3.4
764, 260, 2.5
765, 747, 2.8
766, 569, 6.3
767, 96, 1.5
768, 390, 8.1
769, 465, 8.5
770, 197, 0
771, 539, 0.8
772, 669, 4.9
773, 595, 7.9
774, 572, 1.6
775, 300, 8.5
776, 186, 6.5
777, 712, 3
778, 180, 9.2
779, 527, 2.9
780, 389, 5.2
781, 395, 6.6
782, 205, 9.5
783, 540, 2.8
784, 29, 4.7
785, 105, 2.6
786, 502, 6.2
787, 46, 2.9
788, 180, 0
789, 251, 9.7
790, 332, 7.5
791, 784, 4.4
792, 442, 2
793, 644, 1.8
794, 519, 9.4
795, 296, 3.4
796, 117, 0.8
797, 653, 6.2
798, 606, 8.6
799, 478, 3.2
800, 210, 0.7
801, 412, 3.4
802, 399, 9.6
803, 700, 8.4
804, 138, 2.4
805, 546, 6.5
806, 425, 1.6
807, 84, 4.3
808, 757, 8.7
809, 251, 0.2
810, 238, 6
811, 515, 7.9
812, 721, 4.1
813, 636, 2.4
814, 6, 3.5
815, 327, 6.2
816, 268, 7
817, 789, 6.3
818, 28, 1.1
819, 401, 1.5
820, 532, 3.4
821, 640, 9
822, 343, 9.3
823, 688, 3.9
824, 541, 9.4
825, 429, 1.3
826, 474, 8.2
827, 804, 7.5
828, 603, 3.8
829, 175, 5.1
830, 735, 1.1
831, 613, 6.8
832, 483, 1.3
833, 299, 9.9
834, 240, 3.5
835, 109, 6.4
836, 71, 4.6
837, 715, 7.2
838, 205, 4
839, 300, 2.3
840, 76, 5.7
841, 575, 9.3
842, 154, 8.1
843, 175, 1.4
844, 54, 7.1
845, 669, 9.6
846, 812, 8.3
847, 662, 6.7
848, 291, 0
849, 339, 7.4
850, 90, 3.3
851, 551, 5.7
852, 585, 4.9
853, 235, 2.3
854, 835, 9.2
855, 644, 2.9
856, 334, 3.5
857, 669, 4
858, 455, 4.3
859, 722, 3.9
860, 836, 2.5
861, 772, 5.3
862, 64, 5.2
863, 617, 5.7
864, 183, 8.7
865, 266, 4
866, 767, 2.6
867, 737, 0.5
868, 424, 7.8
869, 165, 6.9
870, 588, 2.7
871, 21, 2
872, 828, 2.1
873, 770, 8.3
874, 95, 6.7
875, 542, 8.2
876, 39, 1.1
877, 867, 5.3
878, 490, 0.8
879, 562, 6.8
880, 620, 9.8
881, 699, 6.8
882, 411, 0.9
883, 297, 0.3
884, 109, 5.4
885, 261, 5.7
886, 849, 2.3
887, 447, 9.6
888, 376, 4.2
889, 868, 1.2
890, 827, 5.5
891, 872, 5.4
892, 75, 3.4
893, 737, 8.1
894, 433, 7.3
895, 186, 3.8
896, 878, 1.3
897, 622, 9.9
898, 791, 8.4
899, 187, 6.1
900, 671, 8
901, 643, 2.3
902, 226, 0
903, 317, 0
904, 596, 5.2
905, 417, 0.4
906, 420, 5.9
907, 152, 2.5
908, 750, 1.7
909, 280, 3.6
910, 96, 6
911, 867, 1.4
912, 161, 3.7
913, 556, 4.8
914, 435, 2
915, 435, 6.3
916, 634, 3.2
917, 776, 0.4
918, 906, 5.8
919, 562, 2.7
920, 351, 6.8
921, 126, 6.9
922, 314, 4.1
923, 383, 7.4
924, 518, 0.5
925, 565, 0.1
926, 215, 8.9
927, 640, 9
928, 830, 3.2
929, 595, 9.9
930, 802, 0
931, 279, 5.7
932, 817, 4.8
933, 811, 1.7
934, 273, 6.9
935, 673, 6.9
936, 931, 2.8
937, 339, 1.8
938, 654, 8.5
939, 243, 8
940, 673, 5.4
941, 361, 0.7
942, 304, 0
943, 826, 2.1
944, 600, 8.8
945, 50, 9
946, 507, 3.4
947, 642, 2.5
948, 270, 6.1
949, 5, 4.2
950, 863, 9.1
951, 184, 2
952, 394, 5.4
953, 415, 4.2
954, 844, 3
955, 685, 3.4
956, 370, 0.8
957, 498, 8
958, 686, 4.4
959, 711, 4.5
960, 607, 2.2
961, 315, 2.5
962, 858, 3.5
963, 157, 9.2
964, 698, 9.6
965, 535, 3
966, 165, 4.9
967, 946, 1.2
968, 774, 8.9
969, 256, 4.8
970, 142, 2.8
971, 881, 5.7
972, 893, 7.6
973, 125, 9.7
974, 300, 3.9
975, 939, 0.5
976, 634, 8.2
977, 958, 2.3
978, 741, 3.6
979, 943, 1.7
980, 499, 5.3
981, 107, 2.4
982, 394, 5
983, 389, 1
984, 158, 4.2
985, 23, 6.4
986, 893, 4.1
987, 922, 1.1
988, 248, 1
989, 64, 9
990, 687, 5.5
991, 287, 1.6
992, 983, 8.1
993, 41, 5.8
994, 583, 0.6
995, 451, 0.1
996, 922, 7.4
997, 640, 6.5
998, 810, 6.6
999, 467, 6.9
134, 833, 3.6
127, 906, 9.9
697, 316, 6
839, 570, 6.7
986, 486, 0.8
767, 277, 6.6
136, 435, 9.3
37, 946, 1.9
367, 212, 9.6
934, 540, 1.7
95, 674, 5
631, 802, 0.8
630, 851, 2.5
242, 690, 4.7
161, 676, 3.4
169, 795, 6.3
135, 931, 5.1
180, 320, 9.7
900, 688, 6.1
996, 974, 0.1
114, 69, 2.8
416, 52, 8.2
625, 682, 3.3
502, 277, 2.3
949, 790, 5.1
235, 960, 4.6
799, 447, 2.9
502, 628, 4.9
799, 528, 8.9
13, 876, 6.3
766, 990, 8.4
194, 759, 3.6
776, 384, 7.1
209, 238, 0
684, 539, 9
835, 775, 5
781, 926, 5
362, 428, 7.8
264, 579, 5.8
853, 944, 3.4
769, 711, 7.7
105, 257, 3.6
142, 34, 7.2
565, 595, 1
265, 632, 4.9
107, 467, 7.6
558, 601, 0.2
160, 963, 8.2
38, 227, 1.4
796, 433, 5.8
430, 554, 6.9
407, 659, 2.7
495, 801, 1.3
967, 718, 6
29, 335, 9.2
631, 443, 1.2
7, 353, 1.3
662, 513, 2.8
96, 551, 5.6
110, 699, 4.1
69, 481, 9.5
90, 889, 5.4
369, 736, 0.8
682, 704, 2.6
295, 733, 1.4
187, 364, 5.7
251, 724, 1
564, 738, 2.3
193, 834, 2.6
401, 945, 2.5
394, 366, 0.6
589, 456, 4.7
795, 826, 8.4
803, 860, 4
882, 155, 7.3
648, 695, 9
505, 946, 6.6
67, 863, 0.4
790, 408, 9
768, 161, 3.5
93, 555, 0.1
251, 144, 1
651, 291, 8.8
435, 447, 4.8
275, 681, 5.6
200, 329, 5.1
842, 834, 4.9
560, 901, 6.4
664, 43, 7.2
955, 811, 3.3
542, 256, 4
496, 859, 3.6
258, 510, 2.8
846, 297, 7.5
294, 924, 5.6
250, 125, 8.5
253, 319, 7.1
555, 880, 2.4
719, 896, 6.7
644, 203, 3
729, 746, 8.6
370, 594, 4.5
858, 852, 0.8
286, 698, 0.5
513, 344, 3
421, 947, 0.7
658, 200, 7.8
729, 107, 5.8
53, 179, 0.7
772, 175, 1
302, 904, 0.8
440, 626, 0.2
86, 485, 0.6
946, 123, 0.4
751, 637, 0.1
833, 410, 4.8
392, 69, 0
271, 150, 0.8
381, 556, 8.7
388, 328, 6.2
951, 983, 1.8
259, 423, 4.5
514, 861, 8.2
972, 807, 5.7
129, 911, 9.4
630, 744, 5.7
78, 137, 2.6
78, 760, 2.8
186, 141, 8.4
825, 882, 6.5
639, 833, 4.8
358, 444, 2.3
55, 310, 8.5
589, 283, 4.4
246, 412, 5.5
893, 42, 0
950, 120, 8.9
428, 550, 4.9
56, 737, 4.2
241, 914, 2.4
458, 554, 0.9
658, 264, 5.4
281, 319, 1.6
118, 260, 9.9
763, 506, 6.3
318, 399, 0.5
970, 701, 7.7
111, 129, 2.8
12, 186, 1.7
55, 779, 8.3
979, 589, 3.7
89, 247, 5.3
995, 880, 2.4
211, 999, 8.4
711, 114, 4.3
326, 784, 4.2
632, 107, 9.6
761, 218, 2.5
441, 231, 6.3
210, 286, 9.4
894, 617, 3.5
483, 58, 8.2
337, 53, 1.5
213, 617, 1.4
998, 680, 8
641, 6, 6.4
35, 638, 2.3
131, 752, 4.2
709, 545, 2.5
824, 756, 6.3
71, 2, 8
906, 485, 9.1
989, 174, 4.4
656, 388, 6.1
970, 738, 4.1
102, 379, 4.8
18, 766, 3.8
42, 250, 4.2
284, 959, 8.8
461, 135, 9.6
924, 206, 9.8
356, 113, 3.5
847, 454, 6.2
744, 110, 0.2
257, 432, 4
451, 886, 7.1
299, 904, 8.9
489, 946, 3.9
784, 582, 5
272, 43, 8.6
868, 319, 9.2
818, 676, 5.7
253, 875, 6.3
215, 619, 2.5
269, 877, 0.9
709, 680, 9.5
232, 331, 0
522, 820, 4.6
413, 956, 2.9
264, 228, 2.4
250, 448, 4.4
794, 618, 7.2
804, 872, 4.7
267, 439, 1.9
193, 709, 4.8
254, 770, 2.8
850, 355, 5.9
350, 229, 3.1
148, 642, 8.8
177, 906, 6.8
954, 508, 6.9
698, 303, 8.7
470, 107, 1.1
469, 726, 0.3
440, 271, 6.4
288, 526, 8.6
816, 376, 4.1
27, 78, 2.2
59, 226, 6.5
399, 404, 2.3
967, 358, 3.2
688, 408, 8.7
676, 230, 9.4
239, 51, 7.2
242, 492, 4.4
306, 780, 2.2
493, 949, 9.8
386, 328, 7.6
509, 387, 0.2
626, 138, 5.8
649, 458, 6.8
181, 146, 2.8
720, 174, 5.8
14, 414, 6.2
739, 656, 5.4
735, 315, 3.4
257, 160, 3.5
507, 546, 6.4
483, 55, 0.3
37, 33, 4.2
348, 683, 0
368, 216, 4.6
149, 937, 2.1
159, 303, 8.7
221, 42, 4.3
775, 777, 1
462, 386, 7
97, 893, 1.7
61, 728, 2.4
117, 766, 5.8
959, 466, 9.3
259, 186, 0.9
57, 335, 4.6
30, 495, 0.2
417, 716, 9.6
813, 492, 7.4
523, 306, 6
394, 403, 0.6
163, 817, 3.4
339, 934, 5.2
549, 893, 1.8
442, 504, 0.5
904, 913, 9.2
302, 944, 8.7
4, 361, 5.6
101, 526, 4.8
327, 50, 5.4
939, 796, 0.9
445, 311, 2.6
680, 2, 1.2
32, 552, 5.7
203, 346, 6.1
560, 250, 2.7
252, 553, 7.1
440, 557, 8.4
48, 10, 1.1
148, 337, 1.3
554, 277, 6.1
363, 74, 2.4
342, 754, 2.6
254, 139, 7.8
764, 342, 2.5
777, 902, 2.7
704, 154, 8
575, 946, 9
160, 994, 0
623, 142, 9
488, 696, 1.9
149, 412, 9.3
825, 754, 4.8
151, 360, 8.7
382, 124, 2.9
959, 902, 8.3
786, 606, 3.7
167, 534, 3.6
809, 46, 3
109, 669, 2.5
451, 157, 7.3
70, 658, 8.5
764, 483, 3.9
564, 986, 5.2
503, 368, 7.6
432, 327, 3
967, 466, 3.7
304, 633, 7.1
292, 794, 1.7
275, 255, 3.8
400, 707, 4.7
573, 777, 5.7
159, 893, 9.2
850, 457, 7.8
902, 960, 4.7
431, 744, 2.6
861, 711, 9.2
898, 368, 7.7
821, 660, 7.1
790, 287, 7.9
780, 687, 8.6
279, 613, 6.3
436, 124, 0.9
428, 974, 6.6
759, 229, 2.7
458, 660, 7.1
484, 873, 3.5
329, 124, 0.3
158, 945, 1.5
782, 88, 0.3
661, 868, 4.2
247, 500, 5.5
962, 936, 3.1
571, 717, 5.8
638, 476, 8.7
17, 934, 9.9
140, 770, 7.2
327, 451, 9.6
882, 610, 9.4
98, 392, 8.2
953, 53, 0.2
847, 652, 5.4
355, 614, 9.1
986, 538, 6
944, 528, 8.8
483, 545, 2.2
34, 37, 4.4
107, 365, 9.6
655, 247, 0.6
149, 697, 5
83, 2, 0.3
238, 850, 5.5
892, 205, 2.1
835, 191, 1.1
495, 488, 3.9
983, 323, 3.6
757, 358, 2.6
302, 465, 9.1
650, 120, 9
608, 622, 8.8
958, 57, 9
361, 295, 4
768, 540, 9.7
141, 375, 4.1
53, 223, 2.9
844, 558, 5.2
533, 316, 1
259, 970, 2.7
350, 972, 0
40, 580, 7.4
780, 538, 3.1
171, 899, 7.9
763, 19, 1.9
561, 512, 4.6
254, 917, 6.9
83, 762, 2.8
587, 295, 9.6
450, 554, 6.6
129, 256, 3.8
929, 296, 1.8
55, 429, 0.8
887, 600, 0.7
718, 715, 7.8
737, 628, 9
835, 882, 0.8
805, 317, 2.2
685, 257, 6.9
881, 707, 2.3
399, 836, 7.9
889, 118, 2.7
607, 173, 5.6
215, 412, 0.8
74, 130, 7.6
304, 219, 5.6
46, 55, 3.9
706, 212, 0.8
128, 897, 6.5
197, 130, 7.2
172, 529, 6.1
403, 418, 3.1
283, 377, 5.6
591, 944, 6.9
852, 370, 5.1
828, 26, 2.3
784, 72, 3
975, 779, 9.4
484, 259, 9.1
249, 809, 7.3
74, 981, 0.2
735, 737, 7.2
866, 20, 0.1
874, 611, 4.5
943, 815, 6.7
847, 643, 9.3
322, 780, 1.7
204, 107, 9.6
298, 591, 0.8
289, 193, 1.7
762, 267, 5
116, 354, 8.7
240, 572, 5.9
741, 446, 2.3
538, 742, 3.8
705, 589, 8.2
250, 263, 1.4
867, 467, 2.1
616, 765, 6.5
624, 406, 5.8
441, 520, 2.5
591, 988, 7.9
831, 228, 5.1
90, 969, 9.7
313, 859, 9.1
352, 916, 3.2
386, 166, 9.5
200, 385, 1.4
473, 1, 7.9
338, 977, 3.7
396, 418, 5.7
73, 362, 4.5
104, 193, 2.5
707, 635, 4.6
405, 949, 0.5
548, 653, 7.3
281, 39, 3.9
276, 591, 7.7
91, 64, 3
22, 755, 0.8
526, 569, 7.7
240, 415, 8.1
433, 192, 8.9
69, 939, 4.6
370, 896, 9.4
23, 770, 7.5
414, 161, 0.4
5, 938, 9.5
421, 69, 6.9
176, 177, 2.9
680, 55, 9.9
257, 296, 6.6
938, 81, 5.8
679, 502, 4.9
825, 224, 4.6
872, 247, 1.6
847, 661, 7.7
451, 18, 1.6
498, 440, 3.7
568, 616, 6.6
349, 296, 2.1
348, 905, 6.9
466, 196, 5.1
777, 875, 0.5
26, 53, 3
172, 925, 2.9
88, 772, 4.3
518, 576, 6.1
886, 426, 0.1
323, 994, 7
289, 696, 1.8
662, 396, 2.4
332, 863, 2
435, 640, 4.7
392, 18, 0
222, 543, 2.5
4, 983, 5
447, 501, 7.8
908, 387, 0.4
162, 62, 5.1
32, 351, 4.7
902, 366, 4.3
326, 50, 5.8
298, 837, 5
498, 229, 6.9
398, 804, 1.2
576, 808, 4.7
878, 255, 4.9
108, 163, 3.6
764, 677, 5.1
415, 709, 5.4
114, 612, 2
210, 290, 7
168, 941, 0.7
471, 439, 8.9
440, 189, 9.3
304, 117, 5.3
151, 347, 0.8
852, 455, 2.3
941, 572, 0.1
92, 339, 6.2
946, 454, 2.6
519, 16, 6.9
789, 184, 1
249, 655, 0.1
290, 447, 4.2
783, 103, 1.2
788, 607, 1.1
696, 811, 1.9
471, 752, 9.1
924, 196, 3
87, 143, 3.6
565, 662, 5.2
334, 803, 8.9
396, 404, 9.6
897, 694, 9.6
292, 829, 9.9
156, 617, 5.8
367, 665, 2.2
386, 137, 7.4
977, 61, 7.1
908, 500, 6.6
996, 66, 8
749, 400, 3.5
38, 797, 4
334, 46, 8.6
430, 690, 1.6
982, 846, 8.5
492, 214, 5.1
814, 952, 4
241, 930, 5.3
864, 190, 5.4
630, 186, 7.2
762, 287, 7.2
697, 325, 2.1
389, 660, 2
776, 442, 1
992, 424, 0.9
529, 269, 7.5
380, 83, 2.7
720, 324, 0.9
474, 188, 9.9
80, 170, 3.8
752, 932, 2.5
176, 982, 5.1
398, 371, 6.3
370, 147, 5.7
32, 491, 3.4
541, 21, 0.3
616, 753, 3.8
996, 826, 6.3
305, 652, 0.3
157, 732, 2.6
195, 836, 5.8
520, 12, 9.2
523, 762, 6.4
538, 132, 6.3
348, 165, 0.7
582, 58, 2.8
437, 27, 3.3
375, 23, 5.9
990, 328, 1.1
146, 485, 9.5
472, 32, 3.1
82, 905, 9.6
675, 428, 5.8
639, 319, 4.3
454, 667, 6
761, 601, 7
441, 38, 9.7
875, 413, 2
486, 756, 0.1
398, 902, 3.8
745, 374, 2.3
929, 456, 2.8
125, 131, 0.8
435, 122, 7.9
230, 577, 4.6
190, 690, 4.7
913, 132, 3.7
310, 7, 5.1
83, 493, 0.7
536, 243, 0.9
826, 989, 3.5
149, 918, 9.1
377, 395, 2.3
738, 830, 9.7
417, 413, 7.4
116, 955, 6.5
415, 868, 4.9
753, 179, 5.6
856, 614, 0.1
715, 150, 9.7
476, 976, 3.8
611, 126, 0.8
202, 855, 0.3
277, 593, 8.5
475, 11, 9.8
601, 127, 0.6
418, 542, 7.4
367, 647, 5.3
323, 503, 6.7
477, 218, 6.9
226, 694, 4.6
964, 305, 2.4
972, 860, 7.9
727, 137, 2.5
664, 964, 3.6
15, 566, 1.5
321, 984, 0.9
495, 352, 5.7
201, 27, 6
520, 856, 3.1
990, 82, 2.5
788, 46, 8.3
712, 370, 4.3
491, 449, 3.2
216, 466, 9.7
304, 481, 6.3
871, 154, 9.9
981, 1, 5.1
90, 202, 3.1
702, 75, 8.7
533, 65, 7
411, 205, 6.8
946, 917, 9.1
989, 760, 9.2
873, 329, 5.8
370, 633, 9.1
785, 857, 9.7
537, 190, 9.9
288, 280, 5.3
771, 334, 2.8
759, 220, 4.5
181, 983, 5
1, 929, 1.9
192, 270, 8
537, 143, 0.9
347, 866, 9.4
639, 3, 0.3
788, 540, 9.3
587, 181, 2.5
941, 952, 1.2
721, 63, 3.2
567, 244, 1.5
969, 246, 4.4
289, 790, 1.4
721, 327, 0.9
130, 675, 7.5
876, 666, 3.1
480, 454, 7.1
625, 42, 0.4
403, 335, 5.7
515, 56, 7.2
847, 975, 1.7
514, 945, 6.3
758, 586, 5.3
624, 307, 8.1
633, 789, 0.8
861, 17, 7.4
92, 849, 2.8
215, 475, 2.2
872, 230, 5.7
481, 745, 6.6
153, 592, 4.1
70, 458, 3.8
585, 216, 2.4
539, 192, 8.3
172, 177, 7.2
832, 38, 4.2
806, 482, 9.1
586, 50, 1.8
409, 922, 4.8
918, 755, 4.5
484, 908, 8.9
378, 979, 4.7
216, 564, 1.5
993, 455, 0.7
76, 979, 8.5
301, 811, 7.5
895, 969, 1
986, 556, 1.2
257, 317, 8.6
757, 235, 4.1
3, 72, 4.9
192, 450, 8
840, 18, 9.7
55, 11, 0.4
815, 440, 8.4
400, 93, 4.7
727, 988, 1.7
537, 974, 7.3
101, 583, 9
587, 341, 7.7
828, 696, 0.1
330, 888, 0.3
810, 80, 2.2
559, 136, 8.5
764, 303, 7.7
300, 55, 7
647, 782, 5.8
964, 672, 8.5
837, 773, 6.8
379, 361, 6.1
509, 189, 5.7
710, 519, 4.6
66, 682, 7.8
88, 241, 6.6
825, 357, 6.9
3, 657, 2.4
625, 305, 0.7
884, 269, 3.1
469, 459, 0.4
989, 190, 6.5
851, 51, 0.7
408, 762, 7.8
206, 828, 6
85, 268, 5.4
451, 445, 1.1
121, 800, 6.9
845, 426, 2.6
704, 662, 9.5
235, 131, 0.6
540, 120, 4.9
557, 323, 0
116, 732, 1.4
195, 290, 4.2
307, 375, 6.2
13, 179, 6
77, 300, 6
446, 497, 3.8
824, 554, 0
471, 789, 3.1
578, 681, 0.4
579, 591, 2.7
279, 707, 1.1
94, 254, 0.2
88, 914, 2.9
703, 279, 0.8
763, 356, 6
975, 154, 1
614, 978, 6.4
914, 450, 5.3
698, 380, 8.7
954, 959, 7.8
533, 238, 3.7
845, 684, 4.4
799, 773, 5.8
128, 828, 3.7
989, 591, 4.6
700, 159, 3.2
679, 723, 9.9
129, 429, 9.7
509, 816, 0.3
820, 146, 3.6
58, 183, 3.3
95, 827, 3.2
220, 737, 1.3
48, 927, 0.2
991, 473, 0.3
909, 525, 6.3
442, 204, 3.8
593, 685, 1.9
442, 546, 8.7
245, 366, 3.3
581, 777, 6.9
115, 872, 4.8
799, 92, 3.8
612, 140, 6.5
414, 131, 9
70, 392, 1.5
533, 186, 7.2
423, 779, 5.7
95, 221, 0.4
582, 818, 2.2
568, 752, 9.9
871, 789, 1.8
315, 227, 8.3
455, 944, 4.9
938, 134, 1.9
683, 202, 0.4
869, 474, 2.8
649, 783, 2.3
222, 639, 5.7
393, 862, 2.5
145, 213, 6.6
364, 437, 5.6
734, 752, 8.3
717, 560, 8
467, 850, 6.6
286, 533, 6.8
991, 403, 9.4
471, 404, 7.8
46, 978, 1.7
555, 371, 7.9
633, 868, 9.3
799, 584, 8.2
755, 319, 3.4
291, 388, 9.4
771, 207, 9.7
89, 494, 3
258, 837, 8.5
604, 660, 8.9
382, 58, 2
800, 613, 9.1
431, 246, 1.2
276, 46, 9.6
558, 153, 6.7
945, 444, 5.6
891, 567, 6.3
688, 9, 0.9
19, 619, 9.8
456, 223, 5.8
298, 606, 1.6
118, 758, 8.2
661, 541, 2.8
73, 818, 2.6
70, 728, 8
737, 673, 7.6
145, 565, 9.6
409, 253, 0.5
870, 624, 2.4
169, 433, 4.7
127, 731, 0.5
496, 849, 6.3
478, 510, 5.7
58, 936, 7.5
685, 358, 0.3
465, 447, 2.9
41, 593, 9.4
537, 354, 9.9
394, 224, 7.6
518, 745, 0.9
218, 225, 9.2
523, 721, 4.1
939, 551, 0.3
896, 609, 9.1
23, 294, 4.9
878, 111, 9.7
759, 153, 9
853, 42, 9.6
905, 789, 7.2
933, 307, 1.8
394, 877, 4.3
586, 753, 1.6
979, 692, 6.7
882, 940, 2.8
74, 315, 2.3
975, 545, 3.4
972, 305, 3.9
914, 510, 3.4
210, 415, 2.3
435, 700, 8.2
53, 94, 6
896, 32, 1.3
812, 11, 5.7
631, 894, 4.9
59, 320, 1.6
134, 295, 6.1
321, 620, 6.6
12, 886, 7.7
746, 449, 4.4
621, 884, 4.5
156, 937, 9.1
216, 185, 2.4
381, 349, 8.7
590, 980, 8.1
91, 391, 5.3
907, 526, 0.1
268, 847, 7.3
287, 211, 5.9
464, 310, 0.8
760, 931, 4.4
757, 87, 3.3
849, 655, 1.8
325, 388, 6.7
812, 978, 9.9
546, 69, 9.1
951, 328, 6.9
4, 597, 6.8
677, 884, 7.9
589, 700, 8.9
949, 460, 7.3
194, 218, 1.2
727, 419, 2
446, 96, 0.8
865, 260, 3.9
617, 806, 6
408, 110, 8.9
429, 114, 3.8
297, 792, 7.4
728, 381, 7.4
118, 330, 8.6
143, 876, 5.6
255, 604, 2.7
727, 402, 7.5
236, 619, 3.6
427, 236, 9.4
687, 644, 0.4
276, 73, 1.9
166, 722, 6.3
940, 451, 9.6
766, 921, 7.8
405, 64, 5.5
261, 671, 1.1
241, 399, 1.3
316, 987, 3.2
4, 414, 2.1
499, 101, 6.5
455, 730, 9.1
526, 896, 6.5
389, 837, 1.6
337, 603, 8.9
616, 8, 0.5
123, 622, 7.7
586, 215, 2.8
451, 883, 1.5
583, 888, 2.9
282, 22, 9.4
12, 165, 2.1
909, 382, 6.2
746, 51, 0
701, 640, 6.8
62, 646, 4.3
36, 675, 2.9
603, 103, 8
486, 518, 1.5
726, 699, 7.2
465, 981, 4.6
660, 994, 6.3
381, 255, 4.5
843, 353, 9.6
995, 54, 8.9
763, 468, 3.5
358, 856, 1
187, 459, 6.5
467, 946, 8.3
683, 672, 3.4
907, 138, 1.5
153, 150, 0.9
916, 883, 6.4
61, 78, 6.9
610, 74, 2.4
799, 189, 4.4
634, 548, 0.1
496, 735, 6
461, 555, 5.8
296, 590, 3.1
830, 497, 2.1
697, 650, 2.3
559, 918, 0.6
675, 331, 8.4
145, 941, 1
669, 740, 0
365, 726, 0
566, 574, 3.5
227, 387, 4.2
537, 683, 3.2
168, 865, 2.9
641, 563, 3.1
264, 122, 4.9
770, 149, 8.1
707, 294, 2.2
717, 315, 1.5
917, 681, 9.3
17, 247, 6.8
205, 826, 5.5
947, 364, 9.1
632, 884, 5.6
461, 878, 7.1
645, 142, 4.5
394, 265, 9.5
827, 972, 8.9
202, 689, 0.5
317, 959, 8.6
510, 328, 8.5
630, 885, 6.4
786, 185, 8
977, 817, 6.4
385, 630, 4.2
709, 275, 3.7
154, 22, 0.2
101, 849, 2.6
991, 51, 6.7
548, 720, 2.6
786, 583, 0.7
271, 213, 9.2
287, 351, 2.9
667, 680, 4.6
932, 66, 7.7
426, 127, 0.4
63, 281, 2.6
317, 735, 2.8
543, 78, 3.1
811, 626, 0.4
389, 412, 8.7
296, 35, 5.2
441, 675, 0.4
770, 342, 8.4
917, 274, 0.2
46, 53, 2.9
450, 116, 6.3
229, 786, 9.8
857, 329, 7.6
888, 140, 5.4
992, 530, 1.8
31, 178, 0.5
284, 619, 8
240, 742, 2.3
876, 659, 4.9
931, 57, 0.2
760, 859, 7.1
575, 88, 5.7
773, 945, 3.8
401, 186, 3.1
655, 530, 1.3
673, 562, 9.1
79, 198, 6.3
159, 790, 0.5
582, 666, 1.6
984, 597, 7.3
86, 710, 8.4
9, 285, 7.3
718, 411, 7
757, 812, 0.8
288, 468, 3.9
701, 493, 5.3
644, 924, 5.1
559, 84, 9.3
864, 18, 5.9
532, 2, 0.9
257, 441, 1.9
842, 802, 5.6
515, 521, 6.7
837, 630, 3.2
346, 918, 5.2
385, 971, 4.5
690, 967, 7
841, 527, 0.6
486, 743, 7.6
445, 276, 7.9
706, 885, 7.2
677, 727, 7.4
286, 594, 4.7
953, 432, 7.7
137, 130, 4.7
789, 515, 7
287, 205, 3.8
709, 398, 1.7
215, 884, 1.2
91, 681, 4
322, 740, 2.6
346, 417, 0.5
821, 55, 0
168, 9, 8.4
498, 614, 4.5
288, 481, 1.6
927, 38, 0.6
636, 788, 7.5
203, 24, 8.7
646, 57, 2.8
969, 797, 5.4
667, 567, 1.1
488, 622, 1.1
9, 983, 4.7
507, 482, 1.3
604, 122, 9.4
920, 401, 8.4
478, 37, 7.2
453, 592, 9.6
941, 238, 5.4
921, 559, 5.1
927, 227, 7
38, 67, 9.3
202, 428, 2.8
849, 935, 1
815, 892, 8.4
909, 164, 8.5
746, 643, 7.4
18, 448, 6.6
315, 741, 5.7
21, 662, 6.8
524, 941, 9.5
595, 980, 1.5
640, 182, 4.3
668, 383, 3.1
531, 198, 2.3
867, 460, 3.9
253, 206, 8.2
27, 224, 3.1
746, 891, 2.4
703, 264, 8.7
923, 789, 2.8
371, 736, 6
886, 376, 4.2
181, 396, 7.8
764, 279, 7.6
239, 147, 3.6
879, 752, 9.4
161, 131, 1.9
244, 877, 6.2
69, 932, 2.7
908, 856, 6.8
688, 227, 0.4
449, 465, 3.2
743, 646, 8
773, 411, 6
650, 759, 3.8
529, 511, 3.3
43, 994, 0.4
639, 224, 1.8
60, 156, 9.7
968, 364, 6.5
9, 943, 6.9
458, 760, 0.1
553, 759, 3.4
327, 522, 4.6
329, 524, 0.5
19, 54, 6.8
604, 449, 6.2
660, 440, 8.6
79, 501, 9.5
476, 469, 1.1
642, 830, 0.7
663, 640, 6.7
917, 194, 7.8
151, 873, 0
997, 202, 2.5
602, 573, 3.1
422, 178, 8
236, 838, 2
923, 917, 2.1
470, 746, 4.3
733, 740, 2.5
940, 403, 6.6
260, 320, 1.2
338, 823, 8.5
939, 820, 3.9
416, 774, 1.2
947, 196, 9
927, 785, 8.1
699, 60, 5
973, 530, 9.6
68, 615, 3.6
993, 556, 9.2
911, 168, 6.4
23, 858, 8.8
8, 149, 0.8
899, 565, 3.5
364, 512, 8.3
654, 791, 6.8
487, 843, 2.8
238, 816, 1
734, 236, 2.6
323, 581, 3.4
315, 493, 0.2
979, 516, 6
467, 877, 6.2
128, 776, 2.7
563, 140, 4
898, 147, 3.1
667, 634, 7.4
495, 224, 4.2
558, 959, 3
884, 634, 1.2
118, 949, 5.7
872, 280, 7.3
484, 100, 0.2
246, 580, 3.1
574, 495, 2.3
766, 393, 2.2
397, 60, 5.7
224, 908, 8.1
218, 466, 9.2
449, 702, 2.6
613, 172, 2.7
270, 44, 6
795, 528, 6
550, 127, 4
81, 53, 8.7
104, 819, 8
627, 568, 9.3
136, 144, 5.3
869, 363, 7.1
914, 164, 7.3
592, 129, 4.5
220, 751, 4.1
480, 898, 2.1
948, 484, 2.9
1, 271, 8.6
172, 803, 6.5
741, 396, 5.3
885, 249, 7.4
600, 272, 8.8
764, 645, 8.1
893, 542, 5.3
996, 483, 8.5
895, 657, 7.7
343, 605, 6.1
225, 959, 8.4
563, 131, 8.7
528, 224, 3.6
333, 110, 3.7
7, 710, 1
596, 827, 0.7
129, 72, 0.2
234, 69, 3.7
819, 964, 9.4
948, 307, 5.2
561, 532, 1.1
445, 95, 9.4
484, 975, 1.9
920, 308, 2.9
958, 668, 9.1
620, 264, 1.8
927, 745, 9.1
129, 979, 1.2
167, 150, 7.6
861, 98, 8.3
865, 659, 6.8
476, 104, 1.5
923, 940, 4.3
242, 861, 0.3
23, 819, 7.1
866, 439, 8.7
185, 718, 3.2
928, 848, 6.3
740, 367, 1.3
868, 580, 6.3
303, 446, 2.2
271, 274, 7.8
39, 197, 1.9
782, 439, 3.2
537, 814, 5.1
609, 681, 4.2
296, 218, 1.2
81, 498, 1.2
844, 590, 7.9
110, 458, 1.2
825, 113, 1
848, 385, 8.4
678, 776, 8.2
449, 910, 7.3
81, 447, 4
884, 56, 7.3
478, 353, 9.1
791, 786, 4.1
303, 982, 3.1
535, 444, 4.1
347, 270, 5.4
957, 470, 9.1
193, 148, 1.9
275, 598, 2.9
501, 679, 7.7
893, 916, 8.5
966, 394, 9
257, 185, 7.6
750, 489, 5.9
833, 376, 0.3
726, 723, 7.3
732, 32, 4.3
124, 225, 4.4
643, 853, 9.4
425, 706, 2.5
654, 599, 4.1
939, 565, 3.6
930, 174, 2.1
58, 924, 6.2
169, 109, 3.8
373, 835, 1.3
198, 567, 4.5
494, 43, 2.3
290, 687, 2.8
684, 464, 3.4
109, 118, 8.5
451, 57, 0.2
187, 339, 7.6
460, 398, 5.2
223, 919, 6.1
361, 292, 4.8
575, 843, 1.5
172, 689, 5.9
347, 979, 9.8
375, 15, 6.2
461, 124, 3.2
146, 927, 8.9
748, 466, 8.1
876, 927, 3.1
280, 150, 5
793, 863, 9.5
141, 790, 9
409, 315, 7.9
368, 662, 1
718, 390, 2.5
180, 851, 0.1
112, 998, 8.1
453, 98, 4.7
486, 327, 7.4
917, 607, 7.6
620, 401, 9.2
615, 894, 8.2
805, 303, 4.9
36, 23, 1.2
598, 741, 0.2
175, 273, 0.5
228, 737, 0.3
209, 191, 5.4
657, 677, 8.1
383, 947, 4
260, 567, 9.3
352, 534, 4
586, 691, 4.3
136, 727, 6.7
700, 325, 6
654, 852, 3.4
459, 80, 7.1
615, 290, 1.4
221, 299, 4.4
154, 682, 9.1
694, 942, 1
340, 646, 4.4
880, 585, 3.5
75, 73, 1.4
942, 773, 9.1
255, 427, 4.3
489, 238, 2.3
460, 853, 6.5
327, 426, 6.4
871, 580, 4.7
362, 275, 4.1
772, 967, 4
68, 847, 2.5
703, 922, 9.8
769, 217, 2.3
160, 472, 0.2
755, 313, 4
78, 125, 4.6
396, 452, 7.2
660, 323, 5.3
607, 37, 8
201, 161, 4.7
441, 229, 4.6
266, 284, 2
516, 53, 8.9
539, 565, 1.3
341, 320, 2.6
381, 751, 0.4
979, 147, 5.6
652, 807, 3.2
257, 767, 6.9
489, 968, 3.1
336, 409, 6
734, 27, 9.7
54, 543, 5
944, 82, 6.8
657, 423, 8.8
36, 156, 9.1
540, 136, 3.8
496, 140, 9.8
128, 397, 6.5
150, 238, 3.3
981, 926, 9.4
393, 660, 2.1
90, 66, 6.4
193, 10, 9.8
861, 20, 2.1
201, 408, 2.9
293, 948, 6.5
531, 796, 5.7
929, 277, 0.6
446, 427, 4.4
370, 825, 5.3
30, 98, 4.4
449, 914, 8.9
811, 812, 5
831, 485, 0.3
239, 315, 9.6
539, 632, 8
336, 442, 6.1
613, 648, 0.8
392, 93, 9.1
152, 815, 1.7
305, 198, 6.7
901, 647, 3.4
690, 458, 4.6
692, 642, 8.4
896, 233, 5.1
744, 773, 3.5
124, 109, 7.7
786, 74, 2.6
246, 466, 7.1
989, 618, 8.6
558, 923, 3.6
226, 177, 8.3
160, 867, 9.4
258, 912, 3.6
842, 808, 6.9
445, 552, 4.2
681, 29, 0.3
358, 167, 7.7
36, 765, 9.5
807, 754, 1.3
746, 313, 8.9
882, 539, 6.6
18, 51, 8.5
612, 309, 4.9
200, 504, 5.7
669, 949, 6.2
264, 630, 9.1
319, 341, 1
449, 377, 7.5
44, 537, 2.9
610, 635, 4.2
99, 869, 3.3
117, 887, 8.4
354, 851, 4.6
504, 51, 5
813, 73, 5.1
675, 337, 3.4
918, 656, 7.5
328, 105, 0.4
503, 502, 4.1
785, 112, 7.6
27, 211, 9.8
513, 680, 8.5
697, 386, 8.9
895, 890, 4
245, 56, 1.3
897, 83, 0.2
531, 2, 5.9
858, 682, 1.6
562, 538, 1.8
804, 323, 3
32, 702, 9.3
482, 215, 2.5
468, 265, 6.4
657, 160, 0.6
249, 406, 6.2
915, 655, 4.6
917, 538, 0
576, 396, 8.2
45, 310, 2
15, 466, 4.3
98, 851, 4.6
743, 333, 6.1
421, 801, 7.8
485, 810, 3.9
791, 412, 9.7
154, 327, 5.2
600, 244, 4.2
400, 173, 9
234, 570, 0
255, 585, 6.7
950, 683, 1.8
996, 779, 5.1
610, 200, 0.5
488, 685, 6.7
879, 476, 7.9
676, 982, 5.8
128, 934, 0.3
822, 686, 2.8
912, 921, 9.8
313, 176, 3.5
180, 478, 7.1
898, 475, 5
301, 437, 5
506, 277, 8.7
226, 157, 1.5
5, 833, 9.8
816, 314, 3.2
519, 136, 1.9
99, 49, 9.2
249, 362, 2
984, 894, 9.8
755, 144, 2.5
657, 445, 6.2
407, 304, 9.2
546, 530, 4.9
162, 887, 3.4
760, 703, 4.8
644, 574, 3.7
215, 673, 3.8
707, 922, 5.2
727, 259, 4.6
226, 14, 4.2
551, 24, 8.7
666, 783, 4.3
58, 330, 7.3
959, 492, 1.3
693, 604, 1.6
94, 248, 9.1
631, 816, 1.6
569, 523, 9.1
573, 603, 5
119, 181, 1.6
513, 84, 4
0, 750, 2.4
496, 160, 5.4
521, 119, 9.8
434, 165, 0.2
51, 259, 0.2
594, 242, 1.8
810, 163, 9.4
653, 736, 9.7
403, 207, 7.8
862, 12, 7.2
965, 936, 6.8
125, 542, 4.2
597, 640, 7.6
762, 694, 7.9
373, 997, 2.5
967, 467, 8.8
130, 461, 4.1
218, 410, 4.5
425, 540, 1.7
497, 403, 2.9
569, 720, 6.6
490, 197, 0.8
932, 146, 0.1
160, 260, 9.5
440, 633, 4.4
17, 600, 1.2
405, 82, 2.5
447, 300, 3.6
244, 77, 7.6
561, 574, 3.1
890, 144, 0.3
508, 986, 0.1
669, 918, 9.9
470, 78, 6
965, 870, 4.5
810, 888, 4.6
122, 645, 8
599, 92, 8.1
487, 688, 1
916, 249, 8.5
747, 492, 8.1
3, 352, 6.7
456, 21, 3.7
55, 491, 1.5
915, 457, 3.8
761, 267, 7.8
559, 741, 2.3
439, 692, 6.8
972, 180, 5.6
935, 96, 5.8
120, 195, 0.2
801, 198, 5.4
820, 654, 7.6
757, 62, 6.7
772, 977, 7.6
362, 90, 9.5
840, 1, 8.8
316, 793, 8.1
884, 765, 6.1
492, 700, 5.7
702, 172, 0.4
404, 325, 0.3
459, 145, 0.9
887, 902, 7.1
454, 27, 0.1
183, 741, 4.3
178, 582, 4.5
267, 250, 3.8
48, 134, 5.5
361, 978, 0.8
770, 681, 8
374, 437, 0.6
529, 896, 0.3
339, 135, 5.8
562, 590, 8.5
115, 125, 2.6
759, 303, 6
404, 922, 1
842, 970, 9.6
397, 683, 2.7
5, 453, 0.8
138, 828, 4.5
596, 709, 9.4
199, 48, 2.9
57, 963, 7.1
294, 78, 9.6
273, 189, 5.2
833, 593, 7.4
996, 787, 9.7
644, 537, 8
271, 894, 3.4
579, 32, 1.4
677, 628, 2.3
23, 180, 2.4
504, 589, 8.7
576, 884, 1.7
124, 157, 0.7
976, 342, 5.2
103, 690, 4
200, 335, 7.7
980, 606, 7.1
566, 538, 5.6
980, 567, 3.6
456, 590, 6.8
980, 94, 5.8
819, 22, 9.4
88, 147, 0.3
195, 475, 9.7
600, 578, 8.8
792, 130, 2.3
169, 463, 8.1
792, 29, 1.9
800, 10, 8.6
789, 466, 2.8
957, 798, 2.3
715, 617, 9.7
61, 705, 9.6
564, 253, 7.2
762, 205, 0.2
650, 997, 8.5
225, 518, 4.8
406, 662, 7.7
478, 463, 3.9
116, 252, 5.7
345, 561, 5.5
20, 277, 2.4
717, 690, 8.2
914, 255, 8.7
938, 17, 9.2
892, 19, 4.1
977, 596, 5.9
525, 2, 7.3
455, 832, 3.6
394, 949, 4
504, 294, 0.2
59, 314, 3.1
936, 383, 2.1
870, 297, 2.8
57, 587, 9.7
801, 480, 6.8
894, 457, 6.4
153, 335, 1.9
426, 790, 5.1
515, 536, 5.2
207, 40, 4.6
461, 452, 1.2
344, 388, 9.6
918, 610, 4.5
746, 19, 3.3
296, 820, 6.5
864, 66, 2.2
29, 219, 0.9
548, 997, 5.1
251, 864, 8.8
904, 72, 2.8
202, 885, 3.2
815, 230, 7.2
163, 148, 8.2
160, 246, 0.1
745, 542, 7.3
810, 407, 3.9
685, 436, 1
894, 336, 6
246, 939, 2.4
486, 843, 4.8
766, 398, 3.4
499, 213, 1.6
971, 728, 6.4
406, 888, 1
507, 634, 0.5
133, 444, 1.2
472, 481, 0
735, 376, 8.8
995, 974, 2.7
471, 460, 2.3
20, 226, 7.3
806, 725, 8.6
822, 49, 6.6
338, 455, 0.6
100, 314, 9.2
405, 447, 8.9
469, 272, 7
321, 7, 4.6
509, 354, 2
989, 825, 3.2
664, 197, 5.9
737, 355, 8.4
375, 529, 3.3
93, 867, 4
699, 320, 5.5
292, 725, 0.2
33, 547, 2.6
903, 868, 3.3
502, 730, 3.9
74, 719, 1.7
107, 735, 1.4
366, 472, 2.2
702, 199, 5.1
88, 292, 7.1
928, 991, 9.1
435, 635, 6.8
38, 668, 1.5
264, 572, 3.6
850, 426, 6.6
141, 500, 3.7
258, 607, 7.2
925, 325, 4.4
947, 28, 4.3
850, 116, 3.5
621, 396, 7.8
712, 832, 1.4
881, 222, 3.4
948, 838, 5.8
884, 40, 8.4
902, 182, 8.5
639, 792, 4.4
111, 717, 7
407, 16, 9.8
902, 867, 6.6
689, 840, 1.4
468, 553, 4.6
234, 786, 2
668, 86, 5.9
27, 323, 5.1
163, 225, 3.3
448, 865, 2.6
693, 976, 9.5
263, 384, 6.4
213, 638, 3.1
279, 328, 7.1
445, 796, 7.6
444, 30, 1.4
664, 50, 5.3
75, 429, 7.6
527, 593, 5.3
512, 393, 1.8
290, 86, 4.7
786, 701, 8.3
650, 914, 2.1
733, 545, 4.9
656, 343, 4.5
485, 787, 2.7
451, 430, 0.4
879, 211, 3.2
758, 804, 8.6
270, 550, 0.4
561, 636, 0.3
699, 690, 8.6
701, 956, 0.8
786, 854, 0.9
794, 197, 0.7
279, 984, 8.6
83, 787, 1.6
939, 18, 2.8
172, 776, 8.4
358, 47, 3.4
714, 960, 2.3
570, 11, 6.5
956, 64, 2.1
216, 202, 2.7
326, 996, 7.6
785, 628, 1.2
271, 711, 0
540, 2, 7
20, 174, 4.7
304, 884, 4.6
491, 951, 0.6
666, 521, 6.9
531, 829, 3.3
704, 46, 3.5
732, 724, 8.3
308, 509, 1.1
221, 132, 7.4
273, 672, 7.7
343, 692, 0.3
542, 997, 8.8
788, 840, 9.1
994, 506, 1.2
915, 389, 4.1
548, 93, 3.9
735, 177, 1.5
919, 486, 7.6
82, 59, 0.9
957, 684, 8.1
186, 27, 2.6
589, 922, 7.5
877, 710, 1.5
468, 57, 7.3
932, 972, 6.2
226, 873, 0.7
917, 608, 8.5
333, 879, 2.3
961, 314, 8.2
370, 271, 6.6
804, 809, 4.5
930, 398, 6.7
405, 628, 7.8
72, 448, 8.7
245, 381, 5.9
159, 959, 8.4
166, 876, 4.5
351, 209, 2.4
374, 171, 3.8
456, 893, 6.1
574, 49, 7
72, 979, 2.1
491, 736, 4.9
621, 808, 9.7
808, 405, 3
968, 564, 8.9
352, 731, 6.6
697, 82, 2.7
274, 809, 5
164, 617, 9.6
678, 192, 4.5
0, 616, 2.5
721, 107, 1.3
422, 729, 7.4
220, 537, 7.9
102, 857, 9.6
592, 562, 2.7
958, 259, 6.1
237, 885, 7
688, 402, 4
384, 80, 3.2
129, 80, 0
206, 154, 0.7
372, 576, 3.6
346, 148, 7.4
77, 251, 3.1
373, 195, 9.3
400, 505, 0.5
214, 742, 4.2
836, 782, 4.4
76, 518, 2.4
860, 0, 5.7
260, 206, 1.1
768, 930, 3.9
356, 276, 8.8
130, 354, 9.1
114, 727, 3.8
659, 480, 4.3
816, 46, 8.5
859, 882, 2
303, 311, 3.8
180, 171, 3.8
489, 784, 9.7
600, 904, 2.7
991, 260, 0.4
531, 391, 1
674, 857, 8.9
12, 516, 6.9
855, 685, 1.5
793, 544, 5
513, 199, 6.1
103, 731, 3.2
342, 220, 6.8
491, 172, 7.2
218, 516, 3.3
574, 47, 7.6
636, 722, 3.3
426, 734, 0.1
695, 942, 8.6
363, 87, 8.2
913, 600, 3.4
774, 55, 1.7
158, 749, 3.8
327, 240, 6.2
751, 459, 7.8
84, 385, 7.8
160, 22, 0
445, 448, 8.6
247, 495, 8
85, 858, 6.7
820, 123, 1.9
106, 897, 7.5
123, 408, 2.4
713, 87, 6.5
476, 838, 7.6
106, 923, 1.3
784, 435, 3.5
536, 881, 3.5
375, 480, 3.1
155, 917, 4.1
23, 737, 6.5
194, 195, 6.2
69, 319, 2.2
46, 32, 0.9
263, 860, 4.8
939, 967, 2.3
352, 103, 5.8
140, 640, 3.9
375, 367, 1.9
106, 522, 3.7
48, 897, 2.6
465, 444, 2.2
427, 513, 9.3
502, 911, 2.5
311, 174, 3.8
311, 113, 5.7
234, 818, 1.2
593, 310, 0.4
184, 685, 7.1
256, 144, 4.6
893, 544, 4.3
971, 9, 3.9
245, 788, 5.3
838, 290, 6.4
816, 954, 9.1
654, 265, 0.4
163, 500, 7.4
775, 445, 8.4
380, 629, 2.2
351, 885, 6.6
162, 293, 5.4
171, 832, 9.9
311, 237, 3.8
602, 554, 0.6
908, 45, 1.2
173, 1, 7.5
25, 128, 0.2
470, 564, 8.2
100, 686, 8.6
337, 304, 3.5
468, 466, 8
922, 989, 6.5
973, 301, 5.4
863, 255, 0.8
569, 163, 0.5
281, 688, 5.9
508, 714, 3.9
863, 184, 0.3
245, 636, 9
683, 974, 4.6
671, 794, 1.3
951, 68, 5.4
768, 393, 5.5
823, 257, 6.2
783, 178, 7.7
141, 812, 6.6
500, 320, 8
339, 183, 1.6
94, 781, 0.5
184, 816, 7.9
931, 487, 2.5
496, 791, 4.5
50, 559, 3.8
258, 382, 9.5
72, 166, 7.4
50, 307, 8.6
68, 159, 5.8
800, 850, 9.4
716, 944, 2.7
973, 481, 4.3
852, 764, 3.1
229, 612, 2.2
674, 662, 8.1
513, 272, 1.6
608, 345, 3.4
234, 747, 9.3
672, 815, 5.2
431, 615, 5.4
77, 683, 9.8
504, 657, 3.1
747, 861, 9.5
830, 91, 5.9
704, 117, 2.2
138, 630, 4.6
954, 591, 4.3
640, 177, 9
633, 850, 0.5
137, 633, 7.2
491, 710, 0.8
141, 566, 1.7
625, 665, 3
872, 496, 7.3
732, 200, 9.1
606, 690, 7.3
752, 996, 6.4
596, 636, 9.4
186, 269, 4.4
944, 406, 2.9
668, 249, 3.9
428, 743, 0.5
845, 368, 7
828, 592, 1.8
901, 324, 7.1
92, 930, 6.1
618, 683, 5.8
734, 631, 9.4
28, 817, 1.6
174, 653, 3.4
776, 492, 6.2
871, 249, 6
591, 672, 8.8
183, 942, 8.9
508, 413, 3.4
438, 927, 0.4
473, 437, 3.8
104, 583, 6.7
